184920 0 0 0 0 0 33 0 207207 51051 0 0 0 0 33 0 204516 50388 201552 0 0 0 33 0 116610 28730 114920 119990 0 0 33 0 124476 30668 122672 128084 66748 0 33 0 63342 15606 62424 65178 33966 49572 49 0 169050 41650 166600 173950 90650 132300 112700 0 0 0 49 0 23046 5678 22712 23714 
207207 51051 0 0 0 0 33 0 204516 50388 201552 0 0 0 33 0 116610 28730 114920 119990 0 0 33 0 124476 30668 122672 128084 66748 0 33 0 63342 15606 62424 65178 33966 49572 49 0 169050 41650 166600 173950 90650 132300 112700 0 0 0 49 0 23046 5678 22712 23714 12358 18036 15364 28390 0 0 33 0 
204516 50388 201552 0 0 0 33 0 116610 28730 114920 119990 0 0 33 0 124476 30668 122672 128084 66748 0 33 0 63342 15606 62424 65178 33966 49572 49 0 169050 41650 166600 173950 90650 132300 112700 0 0 0 49 0 23046 5678 22712 23714 12358 18036 15364 28390 0 0 33 0 44220 0 0 0 0 0 33 0 
116610 28730 114920 119990 0 0 33 0 124476 30668 122672 128084 66748 0 33 0 63342 15606 62424 65178 33966 49572 49 0 169050 41650 166600 173950 90650 132300 112700 0 0 0 49 0 23046 5678 22712 23714 12358 18036 15364 28390 0 0 33 0 44220 0 0 0 0 0 33 0 56628 172458 0 0 0 0 33 0 
124476 30668 122672 128084 66748 0 33 0 63342 15606 62424 65178 33966 49572 49 0 169050 41650 166600 173950 90650 132300 112700 0 0 0 49 0 23046 5678 22712 23714 12358 18036 15364 28390 0 0 33 0 44220 0 0 0 0 0 33 0 56628 172458 0 0 0 0 33 0 68772 209442 125040 0 0 0 33 0 
63342 15606 62424 65178 33966 49572 49 0 169050 41650 166600 173950 90650 132300 112700 0 0 0 49 0 23046 5678 22712 23714 12358 18036 15364 28390 0 0 33 0 44220 0 0 0 0 0 33 0 56628 172458 0 0 0 0 33 0 68772 209442 125040 0 0 0 33 0 29744 90584 54080 67600 0 0 33 0 
169050 41650 166600 173950 90650 132300 112700 0 0 0 49 0 23046 5678 22712 23714 12358 18036 15364 28390 0 0 33 0 44220 0 0 0 0 0 33 0 56628 172458 0 0 0 0 33 0 68772 209442 125040 0 0 0 33 0 29744 90584 54080 67600 0 0 33 0 4602356 14016266 8367920 10459900 13179474 0 33 0 
23046 5678 22712 23714 12358 18036 15364 28390 0 0 33 0 44220 0 0 0 0 0 33 0 56628 172458 0 0 0 0 33 0 68772 209442 125040 0 0 0 33 0 29744 90584 54080 67600 0 0 33 0 4602356 14016266 8367920 10459900 13179474 0 33 0 1146024 3490164 2083680 2604600 3281796 2917152 49 0 50842 154837 92440 115550 
44220 0 0 0 0 0 33 0 56628 172458 0 0 0 0 33 0 68772 209442 125040 0 0 0 33 0 29744 90584 54080 67600 0 0 33 0 4602356 14016266 8367920 10459900 13179474 0 33 0 1146024 3490164 2083680 2604600 3281796 2917152 49 0 50842 154837 92440 115550 145593 129416 92440 0 0 0 49 0 7436 22646 13520 16900 
56628 172458 0 0 0 0 33 0 68772 209442 125040 0 0 0 33 0 29744 90584 54080 67600 0 0 33 0 4602356 14016266 8367920 10459900 13179474 0 33 0 1146024 3490164 2083680 2604600 3281796 2917152 49 0 50842 154837 92440 115550 145593 129416 92440 0 0 0 49 0 7436 22646 13520 16900 21294 18928 13520 10140 0 0 33 0 
68772 209442 125040 0 0 0 33 0 29744 90584 54080 67600 0 0 33 0 4602356 14016266 8367920 10459900 13179474 0 33 0 1146024 3490164 2083680 2604600 3281796 2917152 49 0 50842 154837 92440 115550 145593 129416 92440 0 0 0 49 0 7436 22646 13520 16900 21294 18928 13520 10140 0 0 33 0 201970 0 0 0 0 0 33 0 
29744 90584 54080 67600 0 0 33 0 4602356 14016266 8367920 10459900 13179474 0 33 0 1146024 3490164 2083680 2604600 3281796 2917152 49 0 50842 154837 92440 115550 145593 129416 92440 0 0 0 49 0 7436 22646 13520 16900 21294 18928 13520 10140 0 0 33 0 201970 0 0 0 0 0 33 0 232845 68628 0 0 0 0 33 0 
4602356 14016266 8367920 10459900 13179474 0 33 0 1146024 3490164 2083680 2604600 3281796 2917152 49 0 50842 154837 92440 115550 145593 129416 92440 0 0 0 49 0 7436 22646 13520 16900 21294 18928 13520 10140 0 0 33 0 201970 0 0 0 0 0 33 0 232845 68628 0 0 0 0 33 0 332025 97860 314550 0 0 0 33 0 
1146024 3490164 2083680 2604600 3281796 2917152 49 0 50842 154837 92440 115550 145593 129416 92440 0 0 0 49 0 7436 22646 13520 16900 21294 18928 13520 10140 0 0 33 0 201970 0 0 0 0 0 33 0 232845 68628 0 0 0 0 33 0 332025 97860 314550 0 0 0 33 0 160170 47208 151740 104532 0 0 33 0 
50842 154837 92440 115550 145593 129416 92440 0 0 0 49 0 7436 22646 13520 16900 21294 18928 13520 10140 0 0 33 0 201970 0 0 0 0 0 33 0 232845 68628 0 0 0 0 33 0 332025 97860 314550 0 0 0 33 0 160170 47208 151740 104532 0 0 33 0 19618165 5782196 18585630 12803434 15281518 0 33 0 
7436 22646 13520 16900 21294 18928 13520 10140 0 0 33 0 201970 0 0 0 0 0 33 0 232845 68628 0 0 0 0 33 0 332025 97860 314550 0 0 0 33 0 160170 47208 151740 104532 0 0 33 0 19618165 5782196 18585630 12803434 15281518 0 33 0 4918910 1449784 4660020 3210236 3831572 3313792 49 0 19366985 5708164 18347670 12639506 
201970 0 0 0 0 0 33 0 232845 68628 0 0 0 0 33 0 332025 97860 314550 0 0 0 33 0 160170 47208 151740 104532 0 0 33 0 19618165 5782196 18585630 12803434 15281518 0 33 0 4918910 1449784 4660020 3210236 3831572 3313792 49 0 19366985 5708164 18347670 12639506 15085862 13047232 11824054 0 0 0 49 0 32110 9464 30420 20956 
232845 68628 0 0 0 0 33 0 332025 97860 314550 0 0 0 33 0 160170 47208 151740 104532 0 0 33 0 19618165 5782196 18585630 12803434 15281518 0 33 0 4918910 1449784 4660020 3210236 3831572 3313792 49 0 19366985 5708164 18347670 12639506 15085862 13047232 11824054 0 0 0 49 0 32110 9464 30420 20956 25012 21632 19604 16562 0 0 33 0 
332025 97860 314550 0 0 0 33 0 160170 47208 151740 104532 0 0 33 0 19618165 5782196 18585630 12803434 15281518 0 33 0 4918910 1449784 4660020 3210236 3831572 3313792 49 0 19366985 5708164 18347670 12639506 15085862 13047232 11824054 0 0 0 49 0 32110 9464 30420 20956 25012 21632 19604 16562 0 0 33 0 15278973 0 0 0 0 0 33 0 
160170 47208 151740 104532 0 0 33 0 19618165 5782196 18585630 12803434 15281518 0 33 0 4918910 1449784 4660020 3210236 3831572 3313792 49 0 19366985 5708164 18347670 12639506 15085862 13047232 11824054 0 0 0 49 0 32110 9464 30420 20956 25012 21632 19604 16562 0 0 33 0 15278973 0 0 0 0 0 33 0 3874329 1910628 0 0 0 0 33 0 
19618165 5782196 18585630 12803434 15281518 0 33 0 4918910 1449784 4660020 3210236 3831572 3313792 49 0 19366985 5708164 18347670 12639506 15085862 13047232 11824054 0 0 0 49 0 32110 9464 30420 20956 25012 21632 19604 16562 0 0 33 0 15278973 0 0 0 0 0 33 0 3874329 1910628 0 0 0 0 33 0 219073 108036 138046 0 0 0 33 0 
4918910 1449784 4660020 3210236 3831572 3313792 49 0 19366985 5708164 18347670 12639506 15085862 13047232 11824054 0 0 0 49 0 32110 9464 30420 20956 25012 21632 19604 16562 0 0 33 0 15278973 0 0 0 0 0 33 0 3874329 1910628 0 0 0 0 33 0 219073 108036 138046 0 0 0 33 0 123078 60696 77556 21918 0 0 33 0 
19366985 5708164 18347670 12639506 15085862 13047232 11824054 0 0 0 49 0 32110 9464 30420 20956 25012 21632 19604 16562 0 0 33 0 15278973 0 0 0 0 0 33 0 3874329 1910628 0 0 0 0 33 0 219073 108036 138046 0 0 0 33 0 123078 60696 77556 21918 0 0 33 0 13644503 6728796 8597906 2429843 16635079 0 33 0 
32110 9464 30420 20956 25012 21632 19604 16562 0 0 33 0 15278973 0 0 0 0 0 33 0 3874329 1910628 0 0 0 0 33 0 219073 108036 138046 0 0 0 33 0 123078 60696 77556 21918 0 0 33 0 13644503 6728796 8597906 2429843 16635079 0 33 0 101470 50040 63940 18070 123710 61160 49 0 200750 99000 126500 35750 
15278973 0 0 0 0 0 33 0 3874329 1910628 0 0 0 0 33 0 219073 108036 138046 0 0 0 33 0 123078 60696 77556 21918 0 0 33 0 13644503 6728796 8597906 2429843 16635079 0 33 0 101470 50040 63940 18070 123710 61160 49 0 200750 99000 126500 35750 244750 121000 0 0 0 0 49 0 24674 12168 15548 4394 
3874329 1910628 0 0 0 0 33 0 219073 108036 138046 0 0 0 33 0 123078 60696 77556 21918 0 0 33 0 13644503 6728796 8597906 2429843 16635079 0 33 0 101470 50040 63940 18070 123710 61160 49 0 200750 99000 126500 35750 244750 121000 0 0 0 0 49 0 24674 12168 15548 4394 30082 14872 0 6760 0 0 33 0 
219073 108036 138046 0 0 0 33 0 123078 60696 77556 21918 0 0 33 0 13644503 6728796 8597906 2429843 16635079 0 33 0 101470 50040 63940 18070 123710 61160 49 0 200750 99000 126500 35750 244750 121000 0 0 0 0 49 0 24674 12168 15548 4394 30082 14872 0 6760 0 0 33 0 8275700 0 0 0 0 0 33 0 
123078 60696 77556 21918 0 0 33 0 13644503 6728796 8597906 2429843 16635079 0 33 0 101470 50040 63940 18070 123710 61160 49 0 200750 99000 126500 35750 244750 121000 0 0 0 0 49 0 24674 12168 15548 4394 30082 14872 0 6760 0 0 33 0 8275700 0 0 0 0 0 33 0 2067620 7236670 0 0 0 0 33 0 
13644503 6728796 8597906 2429843 16635079 0 33 0 101470 50040 63940 18070 123710 61160 49 0 200750 99000 126500 35750 244750 121000 0 0 0 0 49 0 24674 12168 15548 4394 30082 14872 0 6760 0 0 33 0 8275700 0 0 0 0 0 33 0 2067620 7236670 0 0 0 0 33 0 4081180 14284130 8774537 0 0 0 33 0 
101470 50040 63940 18070 123710 61160 49 0 200750 99000 126500 35750 244750 121000 0 0 0 0 49 0 24674 12168 15548 4394 30082 14872 0 6760 0 0 33 0 8275700 0 0 0 0 0 33 0 2067620 7236670 0 0 0 0 33 0 4081180 14284130 8774537 0 0 0 33 0 26960 94360 57964 44484 0 0 33 0 
200750 99000 126500 35750 244750 121000 0 0 0 0 49 0 24674 12168 15548 4394 30082 14872 0 6760 0 0 33 0 8275700 0 0 0 0 0 33 0 2067620 7236670 0 0 0 0 33 0 4081180 14284130 8774537 0 0 0 33 0 26960 94360 57964 44484 0 0 33 0 2529340 8852690 5438081 4173411 2782274 0 33 0 
24674 12168 15548 4394 30082 14872 0 6760 0 0 33 0 8275700 0 0 0 0 0 33 0 2067620 7236670 0 0 0 0 33 0 4081180 14284130 8774537 0 0 0 33 0 26960 94360 57964 44484 0 0 33 0 2529340 8852690 5438081 4173411 2782274 0 33 0 641160 2244060 1378494 1057914 705276 0 49 0 2508440 8779540 5393146 4138926 
8275700 0 0 0 0 0 33 0 2067620 7236670 0 0 0 0 33 0 4081180 14284130 8774537 0 0 0 33 0 26960 94360 57964 44484 0 0 33 0 2529340 8852690 5438081 4173411 2782274 0 33 0 641160 2244060 1378494 1057914 705276 0 49 0 2508440 8779540 5393146 4138926 2759284 0 5894834 0 0 0 49 0 2574040 9009140 5534186 4247166 
2067620 7236670 0 0 0 0 33 0 4081180 14284130 8774537 0 0 0 33 0 26960 94360 57964 44484 0 0 33 0 2529340 8852690 5438081 4173411 2782274 0 33 0 641160 2244060 1378494 1057914 705276 0 49 0 2508440 8779540 5393146 4138926 2759284 0 5894834 0 0 0 49 0 2574040 9009140 5534186 4247166 2831444 0 6048994 4890676 0 0 33 0 
4081180 14284130 8774537 0 0 0 33 0 26960 94360 57964 44484 0 0 33 0 2529340 8852690 5438081 4173411 2782274 0 33 0 641160 2244060 1378494 1057914 705276 0 49 0 2508440 8779540 5393146 4138926 2759284 0 5894834 0 0 0 49 0 2574040 9009140 5534186 4247166 2831444 0 6048994 4890676 0 0 33 0 0 0 0 0 0 0 33 0 
26960 94360 57964 44484 0 0 33 0 2529340 8852690 5438081 4173411 2782274 0 33 0 641160 2244060 1378494 1057914 705276 0 49 0 2508440 8779540 5393146 4138926 2759284 0 5894834 0 0 0 49 0 2574040 9009140 5534186 4247166 2831444 0 6048994 4890676 0 0 33 0 0 0 0 0 0 0 33 0 0 5991458 0 0 0 0 33 0 
2529340 8852690 5438081 4173411 2782274 0 33 0 641160 2244060 1378494 1057914 705276 0 49 0 2508440 8779540 5393146 4138926 2759284 0 5894834 0 0 0 49 0 2574040 9009140 5534186 4247166 2831444 0 6048994 4890676 0 0 33 0 0 0 0 0 0 0 33 0 0 5991458 0 0 0 0 33 0 0 11832232 13872272 0 0 0 33 0 
641160 2244060 1378494 1057914 705276 0 49 0 2508440 8779540 5393146 4138926 2759284 0 5894834 0 0 0 49 0 2574040 9009140 5534186 4247166 2831444 0 6048994 4890676 0 0 33 0 0 0 0 0 0 0 33 0 0 5991458 0 0 0 0 33 0 0 11832232 13872272 0 0 0 33 0 0 58580 68680 47470 0 0 33 0 
2508440 8779540 5393146 4138926 2759284 0 5894834 0 0 0 49 0 2574040 9009140 5534186 4247166 2831444 0 6048994 4890676 0 0 33 0 0 0 0 0 0 0 33 0 0 5991458 0 0 0 0 33 0 0 11832232 13872272 0 0 0 33 0 0 58580 68680 47470 0 0 33 0 0 146791040 172099840 118951360 217655680 0 33 0 
2574040 9009140 5534186 4247166 2831444 0 6048994 4890676 0 0 33 0 0 0 0 0 0 0 33 0 0 5991458 0 0 0 0 33 0 0 11832232 13872272 0 0 0 33 0 0 58580 68680 47470 0 0 33 0 0 146791040 172099840 118951360 217655680 0 33 0 0 513536640 602077440 416141760 761450880 185935680 49 0 0 315568198 369976508 255719057 
0 0 0 0 0 0 33 0 0 5991458 0 0 0 0 33 0 0 11832232 13872272 0 0 0 33 0 0 58580 68680 47470 0 0 33 0 0 146791040 172099840 118951360 217655680 0 33 0 0 513536640 602077440 416141760 761450880 185935680 49 0 0 315568198 369976508 255719057 467911466 114257451 103375789 0 0 0 49 0 0 242093682 283833972 196179363 
0 5991458 0 0 0 0 33 0 0 11832232 13872272 0 0 0 33 0 0 58580 68680 47470 0 0 33 0 0 146791040 172099840 118951360 217655680 0 33 0 0 513536640 602077440 416141760 761450880 185935680 49 0 0 315568198 369976508 255719057 467911466 114257451 103375789 0 0 0 49 0 0 242093682 283833972 196179363 358966494 87654609 79306551 4174029 0 0 33 0 
0 11832232 13872272 0 0 0 33 0 0 58580 68680 47470 0 0 33 0 0 146791040 172099840 118951360 217655680 0 33 0 0 513536640 602077440 416141760 761450880 185935680 49 0 0 315568198 369976508 255719057 467911466 114257451 103375789 0 0 0 49 0 0 242093682 283833972 196179363 358966494 87654609 79306551 4174029 0 0 33 0 189311526 0 0 0 0 0 33 0 
0 58580 68680 47470 0 0 33 0 0 146791040 172099840 118951360 217655680 0 33 0 0 513536640 602077440 416141760 761450880 185935680 49 0 0 315568198 369976508 255719057 467911466 114257451 103375789 0 0 0 49 0 0 242093682 283833972 196179363 358966494 87654609 79306551 4174029 0 0 33 0 189311526 0 0 0 0 0 33 0 7230006 8702785 0 0 0 0 33 0 
0 146791040 172099840 118951360 217655680 0 33 0 0 513536640 602077440 416141760 761450880 185935680 49 0 0 315568198 369976508 255719057 467911466 114257451 103375789 0 0 0 49 0 0 242093682 283833972 196179363 358966494 87654609 79306551 4174029 0 0 33 0 189311526 0 0 0 0 0 33 0 7230006 8702785 0 0 0 0 33 0 17637534 21230365 19270639 0 0 0 33 0 
0 513536640 602077440 416141760 761450880 185935680 49 0 0 315568198 369976508 255719057 467911466 114257451 103375789 0 0 0 49 0 0 242093682 283833972 196179363 358966494 87654609 79306551 4174029 0 0 33 0 189311526 0 0 0 0 0 33 0 7230006 8702785 0 0 0 0 33 0 17637534 21230365 19270639 0 0 0 33 0 6967944 8387340 7613124 8387340 0 0 33 0 
0 315568198 369976508 255719057 467911466 114257451 103375789 0 0 0 49 0 0 242093682 283833972 196179363 358966494 87654609 79306551 4174029 0 0 33 0 189311526 0 0 0 0 0 33 0 7230006 8702785 0 0 0 0 33 0 17637534 21230365 19270639 0 0 0 33 0 6967944 8387340 7613124 8387340 0 0 33 0 224046918 269686105 244792003 269686105 294580207 0 33 0 
0 242093682 283833972 196179363 358966494 87654609 79306551 4174029 0 0 33 0 189311526 0 0 0 0 0 33 0 7230006 8702785 0 0 0 0 33 0 17637534 21230365 19270639 0 0 0 33 0 6967944 8387340 7613124 8387340 0 0 33 0 224046918 269686105 244792003 269686105 294580207 0 33 0 771401556 928538910 842827626 928538910 1014250194 1099961478 49 0 473966586 570515335 517852381 570515335 
189311526 0 0 0 0 0 33 0 7230006 8702785 0 0 0 0 33 0 17637534 21230365 19270639 0 0 0 33 0 6967944 8387340 7613124 8387340 0 0 33 0 224046918 269686105 244792003 269686105 294580207 0 33 0 771401556 928538910 842827626 928538910 1014250194 1099961478 49 0 473966586 570515335 517852381 570515335 623178289 675841243 473966586 0 0 0 49 0 1790100 2154750 1955850 2154750 
7230006 8702785 0 0 0 0 33 0 17637534 21230365 19270639 0 0 0 33 0 6967944 8387340 7613124 8387340 0 0 33 0 224046918 269686105 244792003 269686105 294580207 0 33 0 771401556 928538910 842827626 928538910 1014250194 1099961478 49 0 473966586 570515335 517852381 570515335 623178289 675841243 473966586 0 0 0 49 0 1790100 2154750 1955850 2154750 2353650 2552550 1790100 2154750 0 0 33 0 
17637534 21230365 19270639 0 0 0 33 0 6967944 8387340 7613124 8387340 0 0 33 0 224046918 269686105 244792003 269686105 294580207 0 33 0 771401556 928538910 842827626 928538910 1014250194 1099961478 49 0 473966586 570515335 517852381 570515335 623178289 675841243 473966586 0 0 0 49 0 1790100 2154750 1955850 2154750 2353650 2552550 1790100 2154750 0 0 33 0 247217892 0 0 0 0 0 33 0 
6967944 8387340 7613124 8387340 0 0 33 0 224046918 269686105 244792003 269686105 294580207 0 33 0 771401556 928538910 842827626 928538910 1014250194 1099961478 49 0 473966586 570515335 517852381 570515335 623178289 675841243 473966586 0 0 0 49 0 1790100 2154750 1955850 2154750 2353650 2552550 1790100 2154750 0 0 33 0 247217892 0 0 0 0 0 33 0 682993152 521231616 0 0 0 0 33 0 
224046918 269686105 244792003 269686105 294580207 0 33 0 771401556 928538910 842827626 928538910 1014250194 1099961478 49 0 473966586 570515335 517852381 570515335 623178289 675841243 473966586 0 0 0 49 0 1790100 2154750 1955850 2154750 2353650 2552550 1790100 2154750 0 0 33 0 247217892 0 0 0 0 0 33 0 682993152 521231616 0 0 0 0 33 0 438121684 334356022 305532227 0 0 0 33 0 
771401556 928538910 842827626 928538910 1014250194 1099961478 49 0 473966586 570515335 517852381 570515335 623178289 675841243 473966586 0 0 0 49 0 1790100 2154750 1955850 2154750 2353650 2552550 1790100 2154750 0 0 33 0 247217892 0 0 0 0 0 33 0 682993152 521231616 0 0 0 0 33 0 438121684 334356022 305532227 0 0 0 33 0 326981564 249538562 228026617 387215010 0 0 33 0 
473966586 570515335 517852381 570515335 623178289 675841243 473966586 0 0 0 49 0 1790100 2154750 1955850 2154750 2353650 2552550 1790100 2154750 0 0 33 0 247217892 0 0 0 0 0 33 0 682993152 521231616 0 0 0 0 33 0 438121684 334356022 305532227 0 0 0 33 0 326981564 249538562 228026617 387215010 0 0 33 0 218651848 166865884 152480894 258929820 224405844 0 33 0 
1790100 2154750 1955850 2154750 2353650 2552550 1790100 2154750 0 0 33 0 247217892 0 0 0 0 0 33 0 682993152 521231616 0 0 0 0 33 0 438121684 334356022 305532227 0 0 0 33 0 326981564 249538562 228026617 387215010 0 0 33 0 218651848 166865884 152480894 258929820 224405844 0 33 0 7230488 5518004 5042314 8562420 7420764 9038110 49 0 4596556 3507898 3205493 5443290 
247217892 0 0 0 0 0 33 0 682993152 521231616 0 0 0 0 33 0 438121684 334356022 305532227 0 0 0 33 0 326981564 249538562 228026617 387215010 0 0 33 0 218651848 166865884 152480894 258929820 224405844 0 33 0 7230488 5518004 5042314 8562420 7420764 9038110 49 0 4596556 3507898 3205493 5443290 4717518 5745695 5745695 0 0 0 49 0 3427752 2615916 2390406 4059180 
682993152 521231616 0 0 0 0 33 0 438121684 334356022 305532227 0 0 0 33 0 326981564 249538562 228026617 387215010 0 0 33 0 218651848 166865884 152480894 258929820 224405844 0 33 0 7230488 5518004 5042314 8562420 7420764 9038110 49 0 4596556 3507898 3205493 5443290 4717518 5745695 5745695 0 0 0 49 0 3427752 2615916 2390406 4059180 3517956 4284690 4284690 4284690 0 0 49 0 
438121684 334356022 305532227 0 0 0 33 0 326981564 249538562 228026617 387215010 0 0 33 0 218651848 166865884 152480894 258929820 224405844 0 33 0 7230488 5518004 5042314 8562420 7420764 9038110 49 0 4596556 3507898 3205493 5443290 4717518 5745695 5745695 0 0 0 49 0 3427752 2615916 2390406 4059180 3517956 4284690 4284690 4284690 0 0 49 0 1886680431 796095605 947156303 1949186168 29816 0 0 0 
326981564 249538562 228026617 387215010 0 0 33 0 218651848 166865884 152480894 258929820 224405844 0 33 0 7230488 5518004 5042314 8562420 7420764 9038110 49 0 4596556 3507898 3205493 5443290 4717518 5745695 5745695 0 0 0 49 0 3427752 2615916 2390406 4059180 3517956 4284690 4284690 4284690 0 0 49 0 1886680431 796095605 947156303 1949186168 29816 0 0 0 0 0 561 0 -72539004 0 0 0 
218651848 166865884 152480894 258929820 224405844 0 33 0 7230488 5518004 5042314 8562420 7420764 9038110 49 0 4596556 3507898 3205493 5443290 4717518 5745695 5745695 0 0 0 49 0 3427752 2615916 2390406 4059180 3517956 4284690 4284690 4284690 0 0 49 0 1886680431 796095605 947156303 1949186168 29816 0 0 0 0 0 561 0 -72539004 0 0 0 0 0 0 0 0 0 0 0 
7230488 5518004 5042314 8562420 7420764 9038110 49 0 4596556 3507898 3205493 5443290 4717518 5745695 5745695 0 0 0 49 0 3427752 2615916 2390406 4059180 3517956 4284690 4284690 4284690 0 0 49 0 1886680431 796095605 947156303 1949186168 29816 0 0 0 0 0 561 0 -72539004 0 0 0 0 0 0 0 0 0 0 0 0 0 0 0 0 0 0 0 
4596556 3507898 3205493 5443290 4717518 5745695 5745695 0 0 0 49 0 3427752 2615916 2390406 4059180 3517956 4284690 4284690 4284690 0 0 49 0 1886680431 796095605 947156303 1949186168 29816 0 0 0 0 0 561 0 -72539004 0 0 0 0 0 0 0 0 0 0 0 0 0 0 0 0 0 0 0 0 0 0 0 0 0 669173504 21917 
3427752 2615916 2390406 4059180 3517956 4284690 4284690 4284690 0 0 49 0 1886680431 796095605 947156303 1949186168 29816 0 0 0 0 0 561 0 -72539004 0 0 0 0 0 0 0 0 0 0 0 0 0 0 0 0 0 0 0 0 0 0 0 0 0 669173504 21917 5 0 0 0 0 0 669217552 21917 -1 -1 0 0 
